AmountMst	CategoryId	DisplayValue	dataAreaId
-1085.45	83017		6005
-29343.75	75035		6005
4930	75020		6005
-4850	75020		6005
-39259.93	83017		6005
-756.36	83012		6005
-551.32	99004		6005
-85000	75020		6005
-4100	82002	13100	6005
-7020	83017		6005
-10451.25	75035		6005
-35000	75035		6005
-20830	75020		6005
-4415	75080		6005
-6000	75125		6005
15000	75035		6005
-19675	82002	13100	6005
-2992.5	75040		6005
-13000	75125		6005
10451.25	75035		6005
11120	82002	13100	6005
19675	82002	13100	6005
35000	75035		6005
20830	75020		6005
1085.45	99004		6005
39259.93	99004		6005
6000	75125		6005
4415	75080		6005
756.36	99004		6005
85000	75020		6005
-206040.14	88002		6005
-13061.4	82007	13100	6005
-36500	82013		6005
-990	82010	13100	6005
-36	82009	13100	6005
-12.72	82009	13100	6005
12.72	82009	13100	6005
-12.72	82006		6005
-336.81	82016	13100	6005
-14287	82003	13100	6005
-12117.75	83005		6005
-45.96	82007	13100	6005
-22888.53	81002	13100	6005
-109420.98	82013		6005
-2970	82010	13100	6005
-1010.45	82016	13100	6005
206095.38	88002		6005
-36771.55	83005		6005
-42861	82003	13100	6005
-2856.81	81002	13100	6005
-2333.23	81002	13100	6005
-13664.58	81002	13100	6005
-169806.7	81002	13100	6005
-990	82010	13100	6005
-100211.3	81002	13100	6005
-4353.8	82007	13100	6005
-36095.13	81002	13100	6005
-86240.99	81002	13100	6005
-253174.02	81002	13100	6005
-470509.66	81002	13100	6005
-431327	81002	13100	6005
-418.29	83005		6005
-79.02	82013		6005
-14287	82003	13100	6005
-36	82009	13100	6005
-12117.75	83005		6005
-36500	82013		6005
-137675.19	81002	13100	6005
9940	82007	13100	6005
4950	82010	13100	6005
18250	82013		6005
18250	82013		6005
11829	82007	13100	6005
36000	82003	13100	6005
-4353.8	82007	13100	6005
30040	83005		6005
18250	82013		6005
18250	82013		6005
18250	82013		6005
30040	83005		6005
-127.72	82006		6005
127.72	82006		6005
-12.72	82006		6005
-45.96	82007	13100	6005
-336.81	82016	13100	6005
14287	82003	13100	6005
-14287	82003	13100	6005
18250	82013		6005
-2272.73	99004		6005
20833.33	86001		6005
20833.33	86001		6005
20833.33	86001		6005
20833.33	86001		6005
20833.33	86001		6005
361.12	81002	13100	6005
8185.61	99004		6005
408.59	83017		6005
113.71	83005		6005
300	85001	13100	6005
-14400	82003	13100	6005
14400	82003	13100	6005
14400	82003	13100	6005
300	85001	13100	6005
300	85001	13100	6005
847	85001	13100	6005
18000	82003	13100	6005
-18000	82003	13100	6005
726	85001	13100	6005
900	85001	13100	6005
11692	82003	13100	6005
7200	82003	13100	6005
16543	82003	13100	6005
10851.91	82003	13100	6005
79	82007	13100	6005
79	82007	13100	6005
12874	77500		6005
452695.34	71110		6005
1394965	81002	13100	6005
20.21	82004	13100	6005
4257	77500		6005
1800	82014		6005
2400	85003		6005
837	77500		6005
127.1	83005		6005
142.13	83005		6005
418.29	83005		6005
7	99004		6005
52384.09	81002	13100	6005
8000	75035		6005
330.91	81002	13100	6005
2090.91	81002	13100	6005
5500	75035		6005
885.5	99004		6005
1870	99004		6005
650	99004		6005
80.72	82004	13100	6005
683.95	82016	13100	6005
37.05	99004		6005
15000	75020		6005
12000	75020		6005
4208	75020		6005
3000	75020		6005
20000	75020		6005
1780	75020		6005
3029	75020		6005
26043.75	75035		6005
2305	75035		6005
502.5	75035		6005
17293.75	75035		6005
1745	75035		6005
1696.28	99004		6005
5333.75	75035		6005
990	75035		6005
7338.75	75035		6005
6670	81005	13100	6005
5894.47	77500		6005
4545.45	99004		6005
42.67	99004		6005
125.82	83005		6005
71.82	82007	13100	6005
945	99004		6005
9500	99004		6005
192	77500		6005
1462.5	75035		6005
7150	82001		6005
4403	77500		6005
722.73	81002	13100	6005
8988.75	75035		6005
97.39	82016	13100	6005
240	85001	13100	6005
3890	75030	13100	6005
3779	75125		6005
4046	75030	13100	6005
531	81002	13100	6005
2992.5	75040		6005
24260.86	75035		6005
646.86	81002	13100	6005
3286.55	75035		6005
-3286.55	75035		6005
20450	82004	13100	6005
2031.25	75035		6005
885	75035		6005
20450	82004	13100	6005
2000	82004	13100	6005
6585.7	81002	13100	6005
3950	82002	13100	6005
2895.42	75020		6005
9206.4	75020		6005
2460.94	75020		6005
812.5	75035		6005
2390	75020		6005
90	82009	13100	6005
667.5	75020		6005
4538.15	75020		6005
15318.59	99004		6005
12679.17	99004		6005
13567.93	75020		6005
8840.5	75020		6005
640	82016	13100	6005
1000	82006		6005
32.73	81002	13100	6005
449	82006		6005
1000	82006		6005
1000	82006		6005
275.45	81002	13100	6005
351.59	81002	13100	6005
1000	82006		6005
269.77	82005		6005
18.18	81002	13100	6005
1000	82006		6005
717.48	82004	13100	6005
1000	82006		6005
2514.4	81002	13100	6005
869.09	81002	13100	6005
700.17	82004	13100	6005
1000	82006		6005
202.71	82005		6005
150	82005		6005
38.5	99004		6005
10874.18	75020		6005
945.11	81002	13100	6005
1950	75035		6005
759	87001		6005
328.9	82005		6005
26.02	81002	13100	6005
1146.81	81002	13100	6005
1950	75035		6005
90	82009	13100	6005
744.55	81001		6005
950	82004	13100	6005
7425.25	75035		6005
2263	75035		6005
207.27	81002	13100	6005
243	81002	13100	6005
1298.75	75035		6005
63.59	82006		6005
50.91	99004		6005
127.27	99004		6005
50.91	99004		6005
50.91	99004		6005
335	75035		6005
2355	75035		6005
1340	75035		6005
296.7	85502	13100	6005
4940	75035		6005
856.25	75035		6005
65.81	81004	13100	6005
1.65	81004	13100	6005
1500	99004		6005
5443.75	75035		6005
5810	75035		6005
4000	75030	13100	6005
2000	75020		6005
49.9	82004	13100	6005
8400	75020		6005
37800	75020		6005
134.59	81002	13100	6005
19600	75020		6005
45000	75020		6005
18.23	82004	13100	6005
4000	75030	13100	6005
88800	75020		6005
29700	75020		6005
1532.96	85502	13100	6005
12358.75	75035		6005
2250	82012	13100	6005
13477.63	82012	13100	6005
9940	81002	13100	6005
5575.3	82012	13100	6005
3475	82012	13100	6005
1140	81002	13100	6005
340	82016	13100	6005
340	82016	13100	6005
42640	75035		6005
613.81	75020		6005
3376.09	75020		6005
3065.25	75020		6005
1882.73	75020		6005
14605.78	81002	13100	6005
1682.57	75020		6005
4921.54	75020		6005
1122.89	81002	13100	6005
1867.81	75020		6005
440.67	75020		6005
2643.13	81002	13100	6005
1602.22	75020		6005
1615	82016	13100	6005
680	80004	13100	6005
16810	81002	13100	6005
51750	75020		6005
62700	81002	13100	6005
872.89	82012	13100	6005
70202.44	75035		6005
599.89	82012	13100	6005
66114	82012	13100	6005
1393	82012	13100	6005
8760	81002	13100	6005
3636.36	81002	13100	6005
4110	81002	13100	6005
3000	75030	13100	6005
15000	75020		6005
81000	75020		6005
1532.96	85502	13100	6005
5000	75020		6005
8500	75020		6005
40500	75020		6005
1483.52	80001		6005
6500	75020		6005
40500	75020		6005
37300	81002	13100	6005
8258	75125		6005
32500	75020		6005
65700	75020		6005
18750	81002	13100	6005
1532.96	82003	13100	6005
13702	99001	13100	6005
3125	81002	13100	6005
13100	75020		6005
5000	75125		6005
26000	75020		6005
11000	75020		6005
2700	75020		6005
15000	75020		6005
3125	81002	13100	6005
423.82	82007	13100	6005
374.72	82007	13100	6005
7600	75020		6005
374.72	82007	13100	6005
1830	75125		6005
18250	82013		6005
18250	82013		6005
18250	82013		6005
18250	82013		6005
-151852.18	99004		6005
151852.18	99004		6005
19974.99	85011		6005
1058.4	81002	13100	6005
62.87	81003	13100	6005
62.87	81003	13100	6005
-62.87	81003	13100	6005
59.66	81004	13100	6005
172.52	82013		6005
7900	81002	13100	6005
10000	75020		6005
685.55	81002	13100	6005
4930	75020		6005
20000	75035		6005
5000	75030	13100	6005
-5000	99004		6005
5000	99004		6005
6765	81002	13100	6005
22573	81002	13100	6005
26.36	99004		6005
81.82	99004		6005
5000	75030	13100	6005
250	75030	13100	6005
900	99004		6005
2000	99004		6005
11500	81002	13100	6005
10000	99004		6005
5820	82004	13100	6005
1800	81003	13100	6005
2744	81002	13100	6005
4415	75080		6005
3200	75015		6005
1200	88002		6005
6000	82011	13100	6005
900	75015		6005
1021.08	99004		6005
850	99004		6005
1021.08	99004		6005
1021.08	99004		6005
1021.08	99004		6005
13000	75045		6005
1021.08	99004		6005
450	99004		6005
600	75035		6005
384.58	99004		6005
1021.08	99004		6005
1021.08	99004		6005
2934.8	81002	13100	6005
1021.08	99004		6005
953.35	81002	13100	6005
1891.37	81002	13100	6005
-499.95	99004		6005
499.95	99004		6005
750.56	81002	13100	6005
657.04	81002	13100	6005
3850	81003	13100	6005
1500	82004	13100	6005
1850	81002	13100	6005
3000	75010		6005
396.36	83017		6005
756.36	83012		6005
10000	75035		6005
600	75035		6005
6800	75035		6005
400	75010		6005
650	75010		6005
294	99004		6005
550	88002		6005
650	99004		6005
650	99004		6005
3196	82014		6005
1103.1	85011		6005
99	81002	13100	6005
546	81005	13100	6005
198	82010	13100	6005
119.09	99004		6005
31500	75035		6005
3500	75035		6005
87	83017		6005
-87	83017		6005
87	99004		6005
18000	75035		6005
20830	75020		6005
8036.7	81002	13100	6005
3444.3	81002	13100	6005
5374.8	81002	13100	6005
930	99004		6005
2805	75020		6005
990	75020		6005
2272.73	99004		6005
24532	75070		6005
3390	75035		6005
18000	82014		6005
-18000	82014		6005
1200	82014		6005
16673.88	75035		6005
16663.39	75035		6005
6000	75035		6005
13500	75035		6005
262.73	82016	13100	6005
79	82007	13100	6005
30500	75035		6005
813.64	81002	13100	6005
2850	75020		6005
4545.45	99004		6005
12600	75035		6005
10000	75035		6005
23213.89	75035		6005
16200	75035		6005
3600	75035		6005
34500	75035		6005
340	81002	13100	6005
3500	75035		6005
6000	75125		6005
10000	99004		6005
13750	75125		6005
13750	75125		6005
615	81002	13100	6005
475	81002	13100	6005
10442.5	81002	13100	6005
280.5	83017		6005
2900	81005	13100	6005
2900	81005	13100	6005
25256	81002	13100	6005
13368	81002	13100	6005
3240	99004		6005
7140	81002	13100	6005
20997.5	80004	13100	6005
-41995	80004	13100	6005
20997.5	80004	13100	6005
8354	82007	13100	6005
1875	82009	13100	6005
2780	82011	13100	6005
1870	82009	13100	6005
8427.85	82007	13100	6005
8212.5	80004	13100	6005
-8212.5	80004	13100	6005
317	80004	13100	6005
1080	81003	13100	6005
5856	80004	13100	6005
-5856	80004	13100	6005
1800	82003	13100	6005
1440	82011	13100	6005
2160	82003	13100	6005
1260	85012	13100	6005
9570	80004	13100	6005
-9570	80004	13100	6005
3540	88002		6005
-2514.48	88002		6005
2340	88002		6005
1660	88002		6005
2340	88002		6005
174.48	88002		6005
3540	88002		6005
1660	88002		6005
108.18	85001	13100	6005
108.18	85001	13100	6005
2432.18	85001	13100	6005
108.18	85001	13100	6005
108.18	85001	13100	6005
13000	75125		6005
275	81002	13100	6005
2310	81005	13100	6005
1755.6	82008	13100	6005
-1755.6	82008	13100	6005
1235	81002	13100	6005
2500	82004	13100	6005
400	85001	13100	6005
1100	99004		6005
4100	82002	13100	6005
2231.5	81002	13100	6005
2231.5	81002	13100	6005
7020	83017		6005
1500	75025		6005
3000	81002	13100	6005
3600	75005		6005
2000	75025		6005
968	81002	13100	6005
10740	81005	13100	6005
890	81005	13100	6005
19675	82002	13100	6005
11805	82002	13100	6005
7870	82002	13100	6005
1086.36	99004		6005
1086.36	99004		6005
1086.36	99004		6005
1086.36	99004		6005
1086.36	99004		6005
19500	82012	13100	6005
1285.71	81005	13100	6005
4714.29	81005	13100	6005
1086.36	99004		6005
365.71	81002	13100	6005
7114.25	81002	13100	6005
1086.36	99004		6005
1086.36	99004		6005
1086.36	99004		6005
200	85001	13100	6005
400	88002		6005
400	85001	13100	6005
400	85001	13100	6005
400	85001	13100	6005
400	85001	13100	6005
400	85001	13100	6005
2298	99004		6005
15912	99004		6005
730.93	99004		6005
4563	99004		6005
2142	83017		6005
15912	83017		6005
57273	99004		6005
57273	99004		6005
10442.5	81002	13100	6005
3263.64	81002	13100	6005
160	81002	13100	6005
3000	81002	13100	6005
6500	75125		6005
4049	81005	13100	6005
4049	81005	13100	6005
3249	81005	13100	6005
3249	81005	13100	6005
3249	81005	13100	6005
3249	81005	13100	6005
3549	81005	13100	6005
3549	81005	13100	6005
3549	81005	13100	6005
3549	81005	13100	6005
3315.67	81005	13100	6005
14825	75030	13100	6005
500	75030	13100	6005
7412.5	75030	13100	6005
7412.5	75030	13100	6005
950	75030	13100	6005
13600	75030	13100	6005
13850	75030	13100	6005
6800	75030	13100	6005
6800	75030	13100	6005
3800	83020	13100	6005
473.1	83020	13100	6005
445.08	83015	13100	6005
210	83020	13100	6005
5610	83020	13100	6005
3600	83020	13100	6005
3600	83020	13100	6005
3800	83020	13100	6005
6000	83006	13100	6005
4090.91	83020	13100	6005
3800	83020	13100	6005
3800	83020	13100	6005
3800	83020	13100	6005
3800	83020	13100	6005
1960	83001	13100	6005
28900	83012	13100	6005
26445.6	82012	13100	6005
76198	75020	13100	6005
39000	75020	13100	6005
5231.36	75020	13100	6005
7280	75065	13100	6005
2455	75105	13100	6005
105.84	81005	13100	6005
5610	83020	13100	6005
168.1	85012	13100	6005
2272	85501	13100	6005
11000	82004	13100	6005
108.18	83001	13100	6005
90	81002	13100	6005
3950	82002	13100	6005
1800	82002	13100	6005
260	81005	13100	6005
20997.5	80004	13100	6005
10459	81004	13100	6005
36	81004	13100	6005
13034.29	81002	13100	6005
400	85001	13100	6005
26250	75020	13100	6005
9860	75075	13100	6005
3500	75055	13100	6005
100713.89	75065	13100	6005
11567.75	75115	13100	6005
-21205.93	83017	13100	6005
154385.5	75070	13100	6005
24625	75075	13100	6005
38390	75065	13100	6005
10451.25	75115	13100	6005
41101.74	75070	13100	6005
36017	75075	13100	6005
54500	75095	13100	6005
7936	75105	13100	6005
18000	75055	13100	6005
83337.27	75065	13100	6005
127183.75	75115	13100	6005
13000	75130	13100	6005
40549.61	75070	13100	6005
33000	75075	13100	6005
28650	75095	13100	6005
32400	75065	13100	6005
18503.75	75115	13100	6005
54960	75070	13100	6005
997	82019	13100	6005
30744.87	83012	13100	6005
7320	82010	13100	6005
47936.71	83017	13100	6005
951.38	83005	13100	6005
38.15	82012	13100	6005
7449	83010	13100	6005
18172.01	82011	13100	6005
3745	83004	13100	6005
108	82009	13100	6005
198	82004	13100	6005
10220	82003	13100	6005
172.52	82014	13100	6005
6196	82009	13100	6005
2295	82005	13100	6005
38.5	85014	13100	6005
-9860	75020	13100	6005
-3500	75035	13100	6005
-100713.89	75035	13100	6005
-11567.75	75035	13100	6005
21205.93	83017	13100	6005
-154385.5	99004	13100	6005
-24625	75020	13100	6005
-38390	75035	13100	6005
-10451.25	75035	13100	6005
-41101.74	99004	13100	6005
-36017	75020	13100	6005
-54500	75030	13100	6005
-7936	75030	13100	6005
-18000	75035	13100	6005
-83337.27	75035	13100	6005
-127183.75	75035	13100	6005
-13000	75045	13100	6005
-40549.61	99004	13100	6005
-33000	75020	13100	6005
-28650	75030	13100	6005
-32400	75035	13100	6005
-18503.75	75035	13100	6005
-54960	99004	13100	6005
-997	80004	13100	6005
-30744.87	82003	13100	6005
-7320	82004	13100	6005
-47936.71	82004	13100	6005
-951.38	82005	13100	6005
-38.15	82006	13100	6005
-7449	82006	13100	6005
-18172.01	82007	13100	6005
-3745	82009	13100	6005
-108	82009	13100	6005
-198	82010	13100	6005
-10220	82011	13100	6005
-172.52	82013	13100	6005
-6196	82014	13100	6005
-2295	82016	13100	6005
-38.5	99004	13100	6005
-66630.5	82019	13100-10-120	6005
-18172.01	82011	13100-10-120	6005
7844.42	85001	13100	6005
2400	75025	13100	6005
3000	75020	13100	6005
15664.5	75020	13100	6005
4000	75115	13100	6005
10000	75105	13100	6005
9275	75105	13100	6005
4218.5	75105	13100	6005
20833.33	86001	13100	6005
1393	82012	13100	6005
7448	82012	13100	6005
800	75070	13100	6005
260	81005	13100	6005
715	81005	13100	6005
12541.2	81002	13100	6005
14940	75030	13100	6005
2921	80004	13100	6005
1656	80004	13100	6005
9610	75120	13100	6005
1483.52	85502	13100	6005
131.86	82003	13100	6005
10285.71	81005	13100	6005
3085.71	81002	13100	6005
5550	82002	13100	6005
5550	82002	13100	6005
3700	82002	13100	6005
7400	82002	13100	6005
1400	82002	13100	6005
1200	82002	13100	6005
7000	83009	13100	6005
3700	82002	13100	6005
7400	82002	13100	6005
1800	82002	13100	6005
7400	82002	13100	6005
1850	82002	13100	6005
1400	82002	13100	6005
1200	82002	13100	6005
4320	80004	13100	6005
4832	75105	13100	6005
3500	75030	13100	6005
41790	75105	13100	6005
6250	75105	13100	6005
7440	75020	13100	6005
380	82016	13100	6005
695	82016	13100	6005
380	82016	13100	6005
108.18	85001	13100	6005
19000	82003	13100	6005
9500	82003	13100	6005
2430	82012	13100	6005
2500	82012	13100	6005
26445.6	82012	13100	6005
220	82012	13100	6005
1000	82012	13100	6005
562.5	82012	13100	6005
280.5	82012	13100	6005
2244	82012	13100	6005
1496	82012	13100	6005
280.5	82012	13100	6005
187	82012	13100	6005
34.65	82012	13100	6005
93.5	82012	13100	6005
118.5	82012	13100	6005
-2017.15	82012	13100	6005
4040	83020	13100	6005
1318.68	82003	13100	6005
2300	81002	13100	6005
2298	81002	13100	6005
6000	83020	13100	6005
6112	82008	13100	6005
415	81004	13100	6005
2982	82008	13100	6005
220	81004	13100	6005
3000	75020	13100	6005
20833.33	86001	13100	6005
176	83008	13100	6005
3549	81005	13100	6005
1716	83001	13100	6005
3549	81005	13100	6005
3549	81005	13100	6005
2535	81005	13100	6005
300	85001	13100	6005
4000	82002	13100	6005
4040	83020	13100	6005
32500	75020	13100	6005
5550	81002	13100	6005
680	81002	13100	6005
600	82011	13100	6005
280	82011	13100	6005
2432	75105	13100	6005
23400	82001	13100	6005
99300	82001	13100	6005
-8212.5	82019	13100	6005
1245	82019	13100	6005
3600	80004	13100	6005
420	82019	13100	6005
3060	80004	13100	6005
8383.5	80004	13100	6005
1440	80004	13100	6005
1495	75115	13100	6005
400	85001	13100	6005
4005	75020	13100	6005
20833.33	86001	13100	6005
19250	75125	13100	6005
191.04	75125	13100	6005
12500	82006	13100	6005
2000	82008	13100	6005
9500	82003	13100	6005
8823.57	82017	13100	6005
12000	75020	13100	6005
9680	81002	13100	6005
1680	81002	13100	6005
3510	81002	13100	6005
5550	81002	13100	6005
8000	75020	13100	6005
-10740	81005	13100-10-120	6005
-2310	81005	13100-10-120	6005
-546	81005	13100-10-120	6005
-2900	81005	13100-10-120	6005
-6670	81005	13100-10-120	6005
-3249	81005	13100-10-120	6005
-3249	81005	13100-10-120	6005
-4714.29	81005	13100-10-120	6005
-1285.71	81005	13100-10-120	6005
-4049	81005	13100-10-120	6005
-3549	81005	13100-10-120	6005
-3549	81005	13100-10-120	6005
-3549	81005	13100-10-120	6005
-3549	81005	13100-10-120	6005
-890	81005	13100-10-120	6005
-2780	82003	13100-10-120	6005
-1440	82003	13100-10-120	6005
-6000	82003	13100-10-120	6005
-200000	81002	13100-10-120	6005
-50000	81002	13100-10-120	6005
-70000	81002	13100-10-120	6005
420000	81002	13100-10-120	6005
50000	81002	13100-10-120	6005
50000	81002	13100-10-120	6005
16000	75125	13100	6005
4053	75105	13100	6005
300	85001	13100	6005
2992.5	85001	13100	6005
300	85001	13100	6005
77799.6	82012	13100	6005
8468.5	75115	13100	6005
5000	80004	13100	6005
5000	80004	13100	6005
13222.8	82012	13100	6005
1362.63	82003	13100	6005
1532.96	82003	13100	6005
4950	82007	13100	6005
-100000	81002	13100-10-120	6005
2800	82002	13100	6005
660	75115	13100	6005
4040	83020	13100	6005
5734.19	83020	13100	6005
12460	81002	13100	6005
20833.33	86001	13100	6005
1532.96	82003	13100	6005
1362.63	82003	13100	6005
420	84003	13100	6005
13800	82004	13100	6005
9260	82004	13100	6005
32000	82007	13100	6005
5000	82016	13100	6005
10000	82015	13100	6005
9500	82015	13100	6005
5000	82012	13100	6005
12500	82006	13100	6005
2000	82008	13100	6005
4000	81005	13100	6005
-2500	82003	13100	6005
5000	82003	13100	6005
-1250	82003	13100	6005
2500	82003	13100	6005
-1750	82003	13100	6005
3500	82003	13100	6005
-2500	82003	13100	6005
5000	82003	13100	6005
5000	82015	13100	6005
12500	82017	13100	6005
4700	82011	13100	6005
2921	80004	13100	6005
1075	82007	13100	6005
4950	82007	13100	6005
1000	82007	13100	6005
8	82010	13100	6005
4741	82010	13100	6005
4741	82010	13100	6005
300	82010	13100	6005
10000	81003	13100	6005
108.18	83001	13100	6005
1.79	83001	13100	6005
108.18	85001	13100	6005
330	83005	13100	6005
330	83005	13100	6005
1086.36	75070	13100	6005
3000	75115	13100	6005
7000	75115	13100	6005
15597.5	75020	13100	6005
5039.6	75065	13100	6005
4000	82011	13100	6005
35000	81003	13100	6005
-420	84003	13100-10-120	6005
420	84003	13100-10-120	6005
2727.27	83010	13100-10-120	6005
2727.27	83010	13100-10-120	6005
2727.27	83010	13100-10-120	6005
319	83005	13100-10-120	6005
319	83005	13100-10-120	6005
319	83005	13100-10-120	6005
519.62	81005	13100-10-120	6005
712.02	82019	13100-10-120	6005
3798.09	83005	13100-10-120	6005
2272.73	83010	13100-10-120	6005
2272.73	83010	13100-10-120	6005
2272.73	83010	13100-10-120	6005
2272.73	83010	13100-10-120	6005
189.75	83005	13100-10-120	6005
189.75	83005	13100-10-120	6005
189.75	83005	13100-10-120	6005
189.75	83005	13100-10-120	6005
712.5	85502	13100-10-120	6005
712.5	85502	13100-10-120	6005
712.5	85502	13100-10-120	6005
712.5	85502	13100-10-120	6005
726.36	81005	13100-10-120	6005
862.35	83005	13100-10-120	6005
317.24	84003	13100-10-120	6005
3705.45	83005	13100-10-120	6005
2500	83010	13100-10-120	6005
2500	83010	13100-10-120	6005
2500	83010	13100-10-120	6005
2500	83010	13100-10-120	6005
189.75	83005	13100-10-120	6005
189.75	83005	13100-10-120	6005
189.75	83005	13100-10-120	6005
189.75	83005	13100-10-120	6005
219.58	83005	13100-10-120	6005
219.58	83005	13100-10-120	6005
219.58	83005	13100-10-120	6005
219.58	83005	13100-10-120	6005
-50000	81002	13100-10-120	6005
-9500	82003	13100-10-120	6005
-9500	82003	13100-10-120	6005
-5000	80004	13100-10-120	6005
-10000	82015	13100-10-120	6005
-5000	82015	13100-10-120	6005
-330	83005	13100-10-120	6005
-330	83005	13100-10-120	6005
-2570	81002	13100-10-120	6005
362299.6	WIPCR	13100-10-120	6005
-99300	82001	13100-10-120	6005
21300	82001	13100-10-120	6005
78000	82001	13100-10-120	6005
-108.18	83001	13100-10-120	6005
108.18	83001	13100-10-120	6005
-1.79	83001	13100-10-120	6005
1.79	83001	13100-10-120	6005
-108.18	85001	13100-10-120	6005
108.18	85001	13100-10-120	6005
-4741	82010	13100-10-120	6005
2370.5	82010	13100-10-120	6005
2370.5	82010	13100-10-120	6005
-300	82010	13100-10-120	6005
150	82010	13100-10-120	6005
150	82010	13100-10-120	6005
-19000	82003	13100-10-120	6005
-50000	81002	13100-10-120	6005
-78000	82001	13100-10-120	6005
-77799.6	82012	13100-10-120	6005
-5000	80004	13100-10-120	6005
-32000	82007	13100-10-120	6005
-5000	82016	13100-10-120	6005
-9500	82015	13100-10-120	6005
-5000	82012	13100-10-120	6005
-4000	81005	13100-10-120	6005
-2500	82003	13100-10-120	6005
-1250	82003	13100-10-120	6005
-1750	82003	13100-10-120	6005
-2500	82003	13100-10-120	6005
-12500	82017	13100-10-120	6005
-4700	82011	13100-10-120	6005
-10000	81003	13100-10-120	6005
-2800	82002	13100-10-120	6005
-4000	82011	13100-10-120	6005
-35000	81003	13100-10-120	6005
-362299.6	WIPCR	13100-10-120	6005
972.28	75050	13100	6005
1021.08	75070	13100	6005
20000	75020	13100	6005
8600	77500	13100	6005
18100	77500	13100	6005
2114.93	82012	13100	6005
2114.93	82012	13100	6005
2114.93	82012	13100	6005
2114.93	82012	13100	6005
-0.02	82012	13100	6005
2114.93	82012	13100	6005
5000	82009	13100	6005
4040	83020	13100	6005
13800	82004	13100	6005
26140	75075	13100	6005
-5550	82002	13100	6005
-5550	82002	13100	6005
-3700	82002	13100	6005
-7400	82002	13100	6005
-1400	82002	13100	6005
-1200	82002	13100	6005
-3700	82002	13100	6005
-7400	82002	13100	6005
-1800	82002	13100	6005
-7400	82002	13100	6005
-1850	82002	13100	6005
-1400	82002	13100	6005
-1200	82002	13100	6005
-600	82011	13100	6005
-280	82011	13100	6005
-12500	82006	13100	6005
-2000	82008	13100	6005
-12500	82006	13100	6005
-2000	82008	13100	6005
-12500	82006	13100	6005
-2000	82008	13100	6005
-12500	82006	13100	6005
-2000	82008	13100	6005
300	85001	13100	6005
8000	82004	13100	6005
400	84003	13100	6005
-18876.28	82012	13100	6005
-18876.28	82012	13100	6005
-18876.28	82012	13100	6005
-18876.28	82012	13100	6005
-18876.28	82012	13100	6005
18876.28	82012	13100	6005
-18876.28	82012	13100	6005
-23437.49	86001	13100	6005
-23437.49	86001	13100	6005
-23437.49	86001	13100	6005
-23437.49	86001	13100	6005
-23437.49	86001	13100	6005
-23437.49	86001	13100	6005
-23437.49	86001	13100	6005
-23437.49	86001	13100	6005
23437.49	86001	13100	6005
1600	81003	13100	6005
53000	80005	13100	6005
850	81003	13100	6005
3750	83005	13100	6005
3750	83005	13100	6005
294.55	81003	13100	6005
9152	81002	13100	6005
5000	82012	13100	6005
12600	82016	13100	6005
5400	Claims	13100	6005
27500	82006	13100	6005
400	85001	13100	6005
20997.5	80004	13100	6005
515	75115	13100	6005
2400	75005	13100	6005
660	75070	13100	6005
7000	71105	13100	6005
2750	85006	13100	6005
952.21	81003	13100	6005
12500	75125	13100	6005
-17593.75	75115	13100	6005
20000	75115	13100	6005
-2455	75105	13100	6005
2455	75105	13100	6005
-4000	82002	13100	6005
4000	82002	13100	6005
-2432	75105	13100	6005
2432	75105	13100	6005
4741	82010	13100	6005
259	81005	13100	6005
10000	82015	13100	6005
12500	82006	13100	6005
2000	82008	13100	6005
12500	82006	13100	6005
2000	82008	13100	6005
5000	80004	13100	6005
-2400	75005	13100	6005
2400	75005	13100	6005
-400	84003	13100	6005
400	84003	13100	6005
9450	82009	13100	6005
0	82009	13100	6005
0	82009	13100	6005
4450	82009	13100	6005
0	82009	13100	6005
9450	82009	13100	6005
5000	82015	13100	6005
5000	82015	13100	6005
4040	83020	13100	6005
13800	82004	13100	6005
4741	82010	13100	6005
-21954.48	WIPCR	13100	6005
14060	82002	13100	6005
3700	82002	13100	6005
10640	82002	13100	6005
4500	82012	13100	6005
5000	80004	13100	6005
5000	82016	13100	6005
-137057.93	WIPCR	13100	6005
6995	83005	13100	6005
2114.93	82012	13100	6005
-0.01	82012	13100	6005
2114.93	82012	13100	6005
-2114.93	82012	13100	6005
2114.93	82012	13100	6005
-2114.93	82012	13100	6005
2114.93	82012	13100	6005
-2114.93	82012	13100	6005
2114.93	82012	13100	6005
12000	77500	13100	6005
-17760	82002	13100	6005
-10640	82002	13100	6005
-330	83005	13100	6005
330	83005	13100	6005
272.73	82014	13100	6005
-1800	81003	13100	6005
-3850	81003	13100	6005
-1080	81003	13100	6005
-62.87	81003	13100	6005
-415	81004	13100	6005
415	81004	13100	6005
-220	81004	13100	6005
220	81004	13100	6005
-1200	83020	13100	6005
-35	83020	13100	6005
-681.82	83020	13100	6005
-3800	83020	13100	6005
-935	83020	13100	6005
-78.85	83020	13100	6005
-1200	83020	13100	6005
-35	83020	13100	6005
-681.82	83020	13100	6005
-3800	83020	13100	6005
-935	83020	13100	6005
-78.85	83020	13100	6005
-1200	83020	13100	6005
-35	83020	13100	6005
-681.82	83020	13100	6005
-3800	83020	13100	6005
-935	83020	13100	6005
-78.85	83020	13100	6005
-1200	83020	13100	6005
-35	83020	13100	6005
-681.82	83020	13100	6005
-3800	83020	13100	6005
-935	83020	13100	6005
-78.85	83020	13100	6005
-1200	83020	13100	6005
-35	83020	13100	6005
-681.82	83020	13100	6005
-3800	83020	13100	6005
-935	83020	13100	6005
-78.85	83020	13100	6005
-1200	83020	13100	6005
-35	83020	13100	6005
-681.82	83020	13100	6005
-3800	83020	13100	6005
-935	83020	13100	6005
-78.85	83020	13100	6005
1200	83020	13100	6005
35	83020	13100	6005
681.82	83020	13100	6005
3800	83020	13100	6005
935	83020	13100	6005
78.85	83020	13100	6005
10000	75020	13100	6005
10000	75020	13100	6005
2000	75025	13100	6005
862.5	Claims	13100	6005
422.99	82012	13100	6005
422.99	82012	13100	6005
846.98	82012	13100	6005
422.99	82012	13100	6005
422.99	82012	13100	6005
846.98	82012	13100	6005
422.99	82012	13100	6005
420.94	82012	13100	6005
3428.57	83006	13100	6005
3428.57	83006	13100	6005
3428.57	83006	13100	6005
3428.57	83006	13100	6005
3428.58	83006	13100	6005
3428.57	83006	13100	6005
3428.57	83006	13100	6005
330	83005	13100	6005
10000	81003	13100	6005
-4450	82009	13100	6005
4450	82009	13100	6005
-9450	82009	13100	6005
9450	82009	13100	6005
-660	83005	13100	6005
3628	82014	13100	6005
56	75035	13100	6005
56	75035	13100	6005
-12500	75125	13100	6005
66630.5	82019	13100	6005
8212.5	82019	13100	6005
-1245	82019	13100	6005
-420	82019	13100	6005
-680	82019	13100	6005
-317	82019	13100	6005
18172.01	82011	13100	6005
-16781.85	82011	13100	6005
-71.82	82011	13100	6005
-71.82	82011	13100	6005
-71.82	82011	13100	6005
-71.82	82011	13100	6005
-374.73	82011	13100	6005
-423.82	82011	13100	6005
-374.73	82011	13100	6005
-20997.5	80004	13100	6005
-2921	80004	13100	6005
-1656	80004	13100	6005
-4320	80004	13100	6005
-3600	80004	13100	6005
-3060	80004	13100	6005
-8383.5	80004	13100	6005
-1440	80004	13100	6005
-2921	80004	13100	6005
-20997.5	80004	13100	6005
300	82010	13100	6005
4741	82010	13100	6005
3750	83005	13100	6005
3750	83005	13100	6005
20000	75020	13100	6005
10000	75020	13100	6005
20833.33	86001	13100	6005
20833.33	86001	13100	6005
-952.21	81003	13100	6005
-9450	82009	13100	6005
-5000	82016	13100	6005
-10000	81003	13100	6005
-3628	82014	13100	6005
-9450	82009	13100	6005
-10000	82015	13100	6005
-5000	80004	13100	6005
52384.09	81002	13100	6005
1200	81002	13100	6005
1072.5	83001	13100	6005
1072.5	83001	13100	6005
1072.5	83001	13100	6005
3750	82004	13100	6005
330	83005	13100	6005
750	75100	13100	6005
550	75115	13100	6005
600	75115	13100	6005
525	75070	13100	6005
48660	82012	13100	6005
1072.5	83001	13100	6005
1072.5	83001	13100	6005
4040	83020	13100	6005
1218.75	75115	13100	6005
-10459	81004	13100	6005
-36	81004	13100	6005
-59.66	81004	13100	6005
-67.46	81004	13100	6005
-7000	71105	13100	6005
3000.2	75085	13100	6005
3999.8	75075	13100	6005
-1072.5	83001	13100	6005
1072.5	83001	13100	6005
-1072.5	83001	13100	6005
1072.5	83001	13100	6005
-1072.5	83001	13100	6005
1072.5	83001	13100	6005
20833.33	88002	13100	6005
4260	77500	13100	6005
1732.83	75070	13100	6005
3200	83005	13100	6005
330	83005	13100	6005
8036	77520	13100	6005
1	77520	13100	6005
2735	77520	13100	6005
1	77520	13100	6005
13328	77520	13100	6005
1	77520	13100	6005
16118	77520	13100	6005
1	77520	13100	6005
1000	84002	13100	6005
1000	84002	13100	6005
355	75070	13100	6005
-4741	82010	13100	6005
2370.5	82010	13100	6005
2370.5	82010	13100	6005
1616.36	83005	13100	6005
211.49	82012	13100	6005
211.49	82012	13100	6005
211.49	82012	13100	6005
211.49	82012	13100	6005
211.49	82012	13100	6005
211.49	82012	13100	6005
211.49	82012	13100	6005
422.98	82012	13100	6005
211.49	82012	13100	6005
-1072.5	83001	13100	6005
1072.5	83001	13100	6005
-1072.5	83001	13100	6005
1072.5	83001	13100	6005
-5041	82010	13100	6005
2520.5	82010	13100	6005
2520.5	82010	13100	6005
2500	75065	13100	6005
-15338.86	75065	13100	6005
18500	75065	13100	6005
2500	75065	13100	6005
1200	75100	13100	6005
6480	82012	13100	6005
16950	82012	13100	6005
-2370.5	82010	13100	6005
330	83005	13100	6005
0	83005	13100	6005
17400	75095	13100	6005
270	75030	13100	6005
768.51	84002	13100	6005
768.53	84002	13100	6005
768.53	84002	13100	6005
1537.06	84002	13100	6005
768.53	84002	13100	6005
1537.06	84002	13100	6005
768.53	84002	13100	6005
21205.93	83017	13100	6005
-11567.75	75115	13100	6005
-9860	75075	13100	6005
-65789.16	WIPCR	13100	6005
2363.77	88002	13100	6005
121.64	84002	13100	6005
121.67	84002	13100	6005
243.34	84002	13100	6005
121.67	84002	13100	6005
243.34	84002	13100	6005
121.67	84002	13100	6005
121.67	84002	13100	6005
1455	82016	13100	6005
3780	82009	13100	6005
40000	75030	13100	6005
-573.25	WIPCR	13100	6005
600	82007	13100	6005
0	82007	13100	6005
0	82007	13100	6005
125	82007	13100	6005
0	82007	13100	6005
0	82007	13100	6005
0	82007	13100	6005
600	82007	13100	6005
0	82007	13100	6005
133.33	85001	13100	6005
133.33	85001	13100	6005
133.33	85001	13100	6005
0.01	85001	13100	6005
0	85001	13100	6005
0	85001	13100	6005
133.32	85001	13100	6005
133.33	85001	13100	6005
133.33	85001	13100	6005
-20833.33	88002	13100	6005
20833.33	88002	13100	6005
-1616.36	83005	13100	6005
1616.36	83005	13100	6005
-330	83005	13100	6005
330	83005	13100	6005
-330	83005	13100	6005
330	83005	13100	6005
-330	83005	13100	6005
330	83005	13100	6005
-330	83005	13100	6005
330	83005	13100	6005
4040	83020	13100	6005
2126.12	83002	13100	6005
-1025.01	82004	13100	6005
-862.5	Claims	13100	6005
862.5	77500	13100	6005
7000	75100	13100	6005
60	75125	13100	6005
-452695.34	71110	13100	6005
-48660	82012	13100	6005
1980.46	82012	13100	6005
-422.99	82012	13100	6005
-3428.57	83006	13100	6005
-6480	82012	13100	6005
-16950	82012	13100	6005
-211.49	82012	13100	6005
-768.51	84002	13100	6005
-121.67	84002	13100	6005
-330	83005	13100	6005
330	83005	13100	6005
5000	75030	13100	6005
330	83005	13100	6005
7500	75125	13100	6005
-20833.33	88002	13100	6005
20833.33	86001	13100	6005
330	83005	13100	6005
-2145	83001	13100	6005
-1025.01	82004	13100	6005
0.02	85001	13100	6005
-1980.46	82012	13100	6005
-5400	Claims	13100	6005
800	85015	13100	6005
-136000	75020	13100	6005
-54940	75030	13100	6005
-38390	75065	13100	6005
-41101.74	75070	13100	6005
-50765	75075	13100	6005
-4415	75080	13100	6005
-10451.25	75115	13100	6005
-6000	75125	13100	6005
-47234	77500	13100	6005
-40221	77520	13100	6005
-50470	82002	13100	6005
-13702	99001	13100	6005
-60	Claims	13100	6005
-7500	75125	13100	6005
-6000	75005	13100	6005
-4050	75010	13100	6005
-403991	75020	13100	6005
-5500	75025	13100	6005
-15520	75030	13100	6005
-95348.3	75035	13100	6005
-18000	75055	13100	6005
-98778.41	75065	13100	6005
-67474.44	75070	13100	6005
-40016.8	75075	13100	6005
-3000.2	75085	13100	6005
-71900	75095	13100	6005
-1950	75100	13100	6005
-11989	75105	13100	6005
-142437.25	75115	13100	6005
-9610	75120	13100	6005
-38308.04	75125	13100	6005
-13000	75130	13100	6005
-6086.47	77500	13100	6005
-4100	75015	13100	6005
-349223.04	75020	13100	6005
-2400	75025	13100	6005
-3500	75030	13100	6005
-2263	75035	13100	6005
-972.28	75050	13100	6005
-37439.6	75065	13100	6005
-57067.44	75070	13100	6005
-33000	75075	13100	6005
-28650	75095	13100	6005
-67315	75105	13100	6005
-33163.75	75115	13100	6005
-50000	75125	13100	6005
-5094	77500	13100	6005
-2520.5	82010	13100	6005
-422.99	82012	13100	6005
-3428.57	83006	13100	6005
-211.49	82012	13100	6005
-768.53	84002	13100	6005
-121.67	84002	13100	6005
-4040	83020	13100	6005
672.66	83020	13100	6005
673.46	83020	13100	6005
673.47	83020	13100	6005
673.47	83020	13100	6005
673.47	83020	13100	6005
673.47	83020	13100	6005
-20833.33	86001	13100	6005
2970.83	86001	13100	6005
2977.08	86001	13100	6005
2977.08	86001	13100	6005
2977.08	86001	13100	6005
2977.08	86001	13100	6005
2977.08	86001	13100	6005
2977.1	86001	13100	6005
-1616.36	83005	13100	6005
230.49	83005	13100	6005
230.97	83005	13100	6005
230.98	83005	13100	6005
230.98	83005	13100	6005
230.98	83005	13100	6005
230.98	83005	13100	6005
230.98	83005	13100	6005
37826	77520	13100	6005
6500	75115	13100	6005
330	83005	13100	6005
-8580	83005	13100	6005
8580	83005	13100	6005
1073.34	83008	13100	6005
1073.34	83008	13100	6005
2146.66	83008	13100	6005
1073.34	83008	13100	6005
2146.66	83008	13100	6005
1073.33	83008	13100	6005
1073.34	83008	13100	6005
-11412.14	82012	13100	6005
11412.14	82012	13100	6005
-11412.14	82012	13100	6005
-11412.14	82012	13100	6005
-11412.14	82012	13100	6005
-11412.14	82012	13100	6005
-11412.14	82012	13100	6005
-11412.14	82012	13100	6005
600	75070	13100	6005
487.5	75115	13100	6005
5100	75130	13100	6005
-9260	82004	13100	6005
1541.79	82004	13100	6005
1543.64	82004	13100	6005
1543.64	82004	13100	6005
1543.64	82004	13100	6005
1543.64	82004	13100	6005
1543.65	82004	13100	6005
-13800	82004	13100	6005
2297.7	82004	13100	6005
2300.46	82004	13100	6005
2300.46	82004	13100	6005
2300.46	82004	13100	6005
2300.46	82004	13100	6005
2300.46	82004	13100	6005
-11000	82004	13100	6005
1831.5	82004	13100	6005
1833.7	82004	13100	6005
1833.7	82004	13100	6005
1833.7	82004	13100	6005
1833.7	82004	13100	6005
1833.7	82004	13100	6005
-4950	82007	13100	6005
4950	82007	13100	6005
-1075	82007	13100	6005
1075	82007	13100	6005
-4950	82007	13100	6005
4950	82007	13100	6005
-1000	82007	13100	6005
1000	82007	13100	6005
-6112	82008	13100	6005
6112	82008	13100	6005
-2982	82008	13100	6005
2982	82008	13100	6005
-4040	83020	13100	6005
672.66	83020	13100	6005
673.46	83020	13100	6005
673.47	83020	13100	6005
673.47	83020	13100	6005
673.47	83020	13100	6005
673.47	83020	13100	6005
-6000	83020	13100	6005
999	83020	13100	6005
1000.2	83020	13100	6005
1000.2	83020	13100	6005
1000.2	83020	13100	6005
1000.2	83020	13100	6005
1000.2	83020	13100	6005
-4040	83020	13100	6005
672.66	83020	13100	6005
673.46	83020	13100	6005
673.47	83020	13100	6005
673.47	83020	13100	6005
673.47	83020	13100	6005
673.47	83020	13100	6005
-4040	83020	13100	6005
672.66	83020	13100	6005
673.46	83020	13100	6005
673.47	83020	13100	6005
673.47	83020	13100	6005
673.47	83020	13100	6005
673.47	83020	13100	6005
-5734.19	83020	13100	6005
954.74	83020	13100	6005
955.89	83020	13100	6005
955.89	83020	13100	6005
955.89	83020	13100	6005
955.89	83020	13100	6005
955.89	83020	13100	6005
-4040	83020	13100	6005
576.1	83020	13100	6005
577.3	83020	13100	6005
577.32	83020	13100	6005
577.32	83020	13100	6005
577.32	83020	13100	6005
577.32	83020	13100	6005
577.32	83020	13100	6005
-4040	83020	13100	6005
576.1	83020	13100	6005
577.3	83020	13100	6005
577.32	83020	13100	6005
577.32	83020	13100	6005
577.32	83020	13100	6005
577.32	83020	13100	6005
577.32	83020	13100	6005
-4749	82010	13100	6005
2374.5	82010	13100	6005
2374.5	82010	13100	6005
-10285.71	81005	13100	6005
1712.57	81005	13100	6005
1714.62	81005	13100	6005
1714.63	81005	13100	6005
1714.63	81005	13100	6005
1714.63	81005	13100	6005
1714.63	81005	13100	6005
-131.86	82003	13100	6005
131.86	82003	13100	6005
-1318.68	82003	13100	6005
219.56	82003	13100	6005
219.82	82003	13100	6005
219.82	82003	13100	6005
219.82	82003	13100	6005
219.82	82003	13100	6005
219.84	82003	13100	6005
-1362.63	82003	13100	6005
226.88	82003	13100	6005
227.15	82003	13100	6005
227.15	82003	13100	6005
227.15	82003	13100	6005
227.15	82003	13100	6005
227.15	82003	13100	6005
-1362.63	82003	13100	6005
226.88	82003	13100	6005
227.15	82003	13100	6005
227.15	82003	13100	6005
227.15	82003	13100	6005
227.15	82003	13100	6005
227.15	82003	13100	6005
-3549	81005	13100	6005
3549	81005	13100	6005
-3549	81005	13100	6005
3549	81005	13100	6005
-3549	81005	13100	6005
3549	81005	13100	6005
-2535	81005	13100	6005
2535	81005	13100	6005
-4040	83020	13100	6005
576.1	83020	13100	6005
577.3	83020	13100	6005
577.32	83020	13100	6005
577.32	83020	13100	6005
577.32	83020	13100	6005
577.32	83020	13100	6005
577.32	83020	13100	6005
-13800	82004	13100	6005
2297.7	82004	13100	6005
2300.46	82004	13100	6005
2300.46	82004	13100	6005
2300.46	82004	13100	6005
2300.46	82004	13100	6005
2300.46	82004	13100	6005
-13800	82004	13100	6005
1967.88	82004	13100	6005
1972.02	82004	13100	6005
1972.02	82004	13100	6005
1972.02	82004	13100	6005
1972.02	82004	13100	6005
1972.02	82004	13100	6005
1972.02	82004	13100	6005
-3750	82004	13100	6005
534.75	82004	13100	6005
535.85	82004	13100	6005
535.88	82004	13100	6005
535.88	82004	13100	6005
535.88	82004	13100	6005
535.88	82004	13100	6005
535.88	82004	13100	6005
-23400	82001	13100	6005
3896.1	82001	13100	6005
3900.78	82001	13100	6005
3900.78	82001	13100	6005
3900.78	82001	13100	6005
3900.78	82001	13100	6005
3900.78	82001	13100	6005
-21300	82001	13100	6005
3037.38	82001	13100	6005
3043.77	82001	13100	6005
3043.77	82001	13100	6005
3043.77	82001	13100	6005
3043.77	82001	13100	6005
3043.77	82001	13100	6005
3043.77	82001	13100	6005
-3900.78	82001	13100	6005
557.81	82001	13100	6005
3342.97	82001	13100	6005
-3896.1	82001	13100	6005
557.14	82001	13100	6005
3338.96	82001	13100	6005
-3900.78	82001	13100	6005
557.81	82001	13100	6005
3342.97	82001	13100	6005
-3900.78	82001	13100	6005
557.81	82001	13100	6005
3342.97	82001	13100	6005
-3900.78	82001	13100	6005
557.81	82001	13100	6005
3342.97	82001	13100	6005
-3900.78	82001	13100	6005
557.81	82001	13100	6005
3342.97	82001	13100	6005
-247.25	80001	13100	6005
-247.25	80001	13100	6005
-247.25	80001	13100	6005
-247.25	80001	13100	6005
-247.25	80001	13100	6005
-247.25	80001	13100	6005
247.25	80001	13100	6005
-3500	82001	13100	6005
-1216.67	82001	13100	6005
-1216.67	82001	13100	6005
-1216.67	82001	13100	6005
16762.67	81005	13100	6005
-16762.67	81005	13100	6005
-1465.33	82009	13100	6005
-1465.33	82009	13100	6005
-1465.33	82009	13100	6005
-600	82009	13100	6005
-600	82009	13100	6005
-600	82009	13100	6005
-168.1	85012	13100	6005
168.1	85012	13100	6005
-1483.52	85502	13100	6005
232.61	85502	13100	6005
247.01	85502	13100	6005
247.3	85502	13100	6005
252.2	85502	13100	6005
252.2	85502	13100	6005
252.2	85502	13100	6005
-4741	82010	13100	6005
743.39	82010	13100	6005
789.38	82010	13100	6005
790.32	82010	13100	6005
805.97	82010	13100	6005
805.97	82010	13100	6005
805.97	82010	13100	6005
-20833.33	86001	13100	6005
2970.83	86001	13100	6005
2977.08	86001	13100	6005
2916.67	86001	13100	6005
2916.67	86001	13100	6005
2916.67	86001	13100	6005
2916.67	86001	13100	6005
3218.74	86001	13100	6005
-20833.33	86001	13100	6005
2970.83	86001	13100	6005
2977.08	86001	13100	6005
2916.67	86001	13100	6005
2916.67	86001	13100	6005
2916.67	86001	13100	6005
2916.67	86001	13100	6005
3218.74	86001	13100	6005
-28900	83012	13100	6005
4531.52	83012	13100	6005
4811.85	83012	13100	6005
4817.63	83012	13100	6005
4913	83012	13100	6005
4913	83012	13100	6005
4913	83012	13100	6005
-8823.57	82017	13100	6005
1383.53	82017	13100	6005
1469.12	82017	13100	6005
1470.89	82017	13100	6005
1500.01	82017	13100	6005
1500.01	82017	13100	6005
1500.01	82017	13100	6005
-6995	83005	13100	6005
997.49	83005	13100	6005
999.59	83005	13100	6005
979.3	83005	13100	6005
979.3	83005	13100	6005
979.3	83005	13100	6005
979.3	83005	13100	6005
1080.72	83005	13100	6005
-7000	83009	13100	6005
1097.6	83009	13100	6005
1165.5	83009	13100	6005
1166.9	83009	13100	6005
1190	83009	13100	6005
1190	83009	13100	6005
1190	83009	13100	6005
-5610	83020	13100	6005
879.64	83020	13100	6005
934.07	83020	13100	6005
935.19	83020	13100	6005
953.7	83020	13100	6005
953.7	83020	13100	6005
953.7	83020	13100	6005
-2992.5	85001	13100	6005
469.21	85001	13100	6005
498.25	85001	13100	6005
508.73	85001	13100	6005
508.73	85001	13100	6005
498.85	85001	13100	6005
508.73	85001	13100	6005
-7844.42	85001	13100	6005
1568.88	85001	13100	6005
1568.88	85001	13100	6005
1568.88	85001	13100	6005
1568.88	85001	13100	6005
1568.9	85001	13100	6005
-108.18	85001	13100	6005
108.18	85001	13100	6005
-1.79	83001	13100	6005
1.79	83001	13100	6005
-108.18	83001	13100	6005
108.18	83001	13100	6005
-108.18	85001	13100	6005
108.18	85001	13100	6005
-108.18	83001	13100	6005
108.18	83001	13100	6005
-2750	85006	13100	6005
2750	85006	13100	6005
-400	85001	13100	6005
400	85001	13100	6005
-300	85001	13100	6005
300	85001	13100	6005
-300	85001	13100	6005
300	85001	13100	6005
-300	85001	13100	6005
300	85001	13100	6005
-400	85001	13100	6005
400	85001	13100	6005
-300	85001	13100	6005
300	85001	13100	6005
-400	85001	13100	6005
400	85001	13100	6005
-3780	82009	13100	6005
539.03	82009	13100	6005
540.16	82009	13100	6005
540.16	82009	13100	6005
540.16	82009	13100	6005
540.16	82009	13100	6005
540.16	82009	13100	6005
540.17	82009	13100	6005
-3200	83005	13100	6005
456.32	83005	13100	6005
457.28	83005	13100	6005
457.28	83005	13100	6005
457.28	83005	13100	6005
457.28	83005	13100	6005
457.28	83005	13100	6005
457.28	83005	13100	6005
-5124.15	83012	13100	6005
-5124.15	83012	13100	6005
-5124.15	83012	13100	6005
-5124.15	83012	13100	6005
-5124.15	83012	13100	6005
-5124.15	83012	13100	6005
5124.15	83012	13100	6005
-624.17	83004	13100	6005
-624.17	83004	13100	6005
-624.17	83004	13100	6005
-624.17	83004	13100	6005
-624.17	83004	13100	6005
-624.17	83004	13100	6005
624.17	83004	13100	6005
-1000	83006	13100	6005
-1000	83006	13100	6005
-1000	83006	13100	6005
-1000	83006	13100	6005
-1000	83006	13100	6005
-1000	83006	13100	6005
1000	83006	13100	6005
2000	83005	13100	6005
2000	83005	13100	6005
2000	83005	13100	6005
2000	83005	13100	6005
2000	83005	13100	6005
2000	83005	13100	6005
-600	82007	13100	6005
600	82007	13100	6005
-125	82007	13100	6005
125	82007	13100	6005
-600	82007	13100	6005
600	82007	13100	6005
296.7	83003	13100	6005
296.71	83003	13100	6005
296.7	83003	13100	6005
296.7	83003	13100	6005
296.7	83003	13100	6005
1380	83008	13100	6005
1380	83008	13100	6005
1380	83008	13100	6005
1380	83008	13100	6005
1380	83008	13100	6005
1380	83008	13100	6005
1380	83008	13100	6005
428.58	84002	13100	6005
428.57	84002	13100	6005
428.57	84002	13100	6005
428.57	84002	13100	6005
428.57	84002	13100	6005
428.57	84002	13100	6005
428.57	84002	13100	6005
371.42	83009	13100	6005
371.43	83009	13100	6005
371.43	83009	13100	6005
371.43	83009	13100	6005
742.86	83009	13100	6005
371.43	83009	13100	6005
3700	82002	13100	6005
-83.49	83017	13100	6005
-309.65	83017	13100	6005
-244.83	83017	13100	6005
-133.83	83017	13100	6005
-245.98	83017	13100	6005
-186.41	83017	13100	6005
-235.93	83017	13100	6005
-272.56	83017	13100	6005
-260.23	83017	13100	6005
-66.37	83017	13100	6005
-328.41	83017	13100	6005
328.41	83017	13100	6005
-7150	83017	13100	6005
-7150	83017	13100	6005
-7150	83017	13100	6005
-7150	83017	13100	6005
-7150	83017	13100	6005
-7150	83017	13100	6005
7150	83017	13100	6005
-1125	82012	13100	6005
562.5	82012	13100	6005
562.5	82012	13100	6005
25915	75030	13100	6005
53985	75020	13100	6005
800	75050	13100	6005
6600	75050	13100	6005
4600	75115	13100	6005
10800	75095	13100	6005
-672.66	83020	13100	6005
95.52	83020	13100	6005
577.14	83020	13100	6005
-673.47	83020	13100	6005
95.63	83020	13100	6005
577.84	83020	13100	6005
-673.47	83020	13100	6005
95.63	83020	13100	6005
577.84	83020	13100	6005
-319	83005	13100	6005
319	83005	13100	6005
-219.58	83005	13100	6005
219.58	83005	13100	6005
-78.85	83020	13100	6005
7.73	83020	13100	6005
71.12	83020	13100	6005
60	Claims	13100	6005
-60	75125	13100	6005
330	83005	13100	6005
-37836	77500	13100	6005
37836	77500	13100	6005
-37826	77500	13100	6005
2181.81	82015	13100	6005
1435.57	83019	13100	6005
1435.57	83019	13100	6005
1435.57	83019	13100	6005
1435.57	83019	13100	6005
1435.57	83019	13100	6005
2871.14	83019	13100	6005
-1025.01	83017	13100	6005
-220	82012	13100	6005
55	82012	13100	6005
55	82012	13100	6005
55	82012	13100	6005
55	82012	13100	6005
-1000	82012	13100	6005
240	82012	13100	6005
250	82012	13100	6005
250	82012	13100	6005
260	82012	13100	6005
-562.5	82012	13100	6005
134.99	82012	13100	6005
140.63	82012	13100	6005
140.63	82012	13100	6005
146.25	82012	13100	6005
-280.5	82012	13100	6005
69.18	82012	13100	6005
70.13	82012	13100	6005
70.13	82012	13100	6005
71.06	82012	13100	6005
-2244	82012	13100	6005
561	82012	13100	6005
561	82012	13100	6005
561	82012	13100	6005
561	82012	13100	6005
-1496	82012	13100	6005
374	82012	13100	6005
374	82012	13100	6005
374	82012	13100	6005
374	82012	13100	6005
-280.5	82012	13100	6005
69.18	82012	13100	6005
70.13	82012	13100	6005
70.13	82012	13100	6005
71.06	82012	13100	6005
-187	82012	13100	6005
46.75	82012	13100	6005
46.75	82012	13100	6005
46.75	82012	13100	6005
46.75	82012	13100	6005
-34.65	82012	13100	6005
8.32	82012	13100	6005
8.66	82012	13100	6005
8.66	82012	13100	6005
9.01	82012	13100	6005
-93.5	82012	13100	6005
22.43	82012	13100	6005
23.38	82012	13100	6005
23.38	82012	13100	6005
24.31	82012	13100	6005
-118.5	82012	13100	6005
28.43	82012	13100	6005
29.63	82012	13100	6005
29.63	82012	13100	6005
30.81	82012	13100	6005
2017.15	82012	13100	6005
-504.29	82012	13100	6005
-504.29	82012	13100	6005
-524.46	82012	13100	6005
-484.11	82012	13100	6005
-4500	82012	13100	6005
1125	82012	13100	6005
1125	82012	13100	6005
1125	82012	13100	6005
1125	82012	13100	6005
2050.02	82004	13100	6005
-330	83005	13100	6005
330	83005	13100	6005
-330	83005	13100	6005
330	83005	13100	6005
-39000	75020	13100	6005
-3950	82002	13100	6005
-1800	82002	13100	6005
-800	75070	13100	6005
-32500	75020	13100	6005
-525	75070	13100	6005
-355	75070	13100	6005
-862.5	77500	13100	6005
-3700	82002	13100	6005
3700	82002	13100	6005
-105.84	81005	13100	6005
105.84	81005	13100	6005
-260	81005	13100	6005
260	81005	13100	6005
-260	81005	13100	6005
260	81005	13100	6005
-715	81005	13100	6005
715	81005	13100	6005
-1532.96	82003	13100	6005
240.38	82003	13100	6005
255.24	82003	13100	6005
255.54	82003	13100	6005
260.6	82003	13100	6005
260.6	82003	13100	6005
260.6	82003	13100	6005
-1532.96	82003	13100	6005
240.38	82003	13100	6005
255.24	82003	13100	6005
255.54	82003	13100	6005
260.6	82003	13100	6005
260.6	82003	13100	6005
260.6	82003	13100	6005
-380	82016	13100	6005
-695	82016	13100	6005
-380	82016	13100	6005
-1455	82016	13100	6005
200	83012	13100	6005
200	83012	13100	6005
200	83012	13100	6005
200	83012	13100	6005
200	83012	13100	6005
400	83012	13100	6005
1500	83020	13100	6005
1500	83020	13100	6005
1500	83020	13100	6005
1500	83020	13100	6005
3000	83020	13100	6005
71.42	83019	13100	6005
71.43	83019	13100	6005
71.43	83019	13100	6005
71.43	83019	13100	6005
71.43	83019	13100	6005
142.86	83019	13100	6005
-1954.36	83010	13100	6005
-630.67	83010	13100	6005
-1432.01	83010	13100	6005
-579.5	83010	13100	6005
-1280.27	83010	13100	6005
-1123.19	83010	13100	6005
1123.19	83010	13100	6005
-449	83010	13100	6005
-744.55	81001	13100	6005
-2295	82005	13100	6005
-1940	82010	13100	6005
-3440	82010	13100	6005
-1940	82010	13100	6005
-10539.05	85011	13100	6005
-10539.05	85011	13100	6005
-1260	85012	13100	6005
-400	88002	13100	6005
400	88002	13100	6005
-3540	88002	13100	6005
-3540	88002	13100	6005
-2340	88002	13100	6005
-1660	88002	13100	6005
-1660	88002	13100	6005
1660	88002	13100	6005
-1750	88002	13100	6005
-480.37	85502	13100	6005
-480.37	85502	13100	6005
-480.37	85502	13100	6005
-480.37	85502	13100	6005
-480.37	85502	13100	6005
-480.37	85502	13100	6005
-480.4	85502	13100	6005
480.37	85502	13100	6005
-36968.66	81002	13100	6005
-36968.66	81002	13100	6005
-36968.66	81002	13100	6005
-36968.66	81002	13100	6005
-36968.66	81002	13100	6005
-36968.66	81002	13100	6005
36968.66	81002	13100	6005
-4817.63	83012	13100	6005
-1833.7	82004	13100	6005
-935.19	83020	13100	6005
-1714.63	81005	13100	6005
-247.3	85502	13100	6005
-1166.9	83009	13100	6005
-673.47	83020	13100	6005
-1000.2	83020	13100	6005
-219.82	82003	13100	6005
-673.47	83020	13100	6005
-3900.78	82001	13100	6005
-3043.77	82001	13100	6005
3900.78	82001	13100	6005
-3342.97	82001	13100	6005
-1470.89	82017	13100	6005
-498.85	85001	13100	6005
-227.15	82003	13100	6005
-255.54	82003	13100	6005
-1543.64	82004	13100	6005
-2300.46	82004	13100	6005
-673.47	83020	13100	6005
-955.89	83020	13100	6005
-227.15	82003	13100	6005
-255.54	82003	13100	6005
-219.58	83005	13100	6005
-790.32	82010	13100	6005
-2300.46	82004	13100	6005
-562.5	82012	13100	6005
-330	83005	13100	6005
-330	83005	13100	6005
-422.99	82012	13100	6005
-330	83005	13100	6005
-211.49	82012	13100	6005
-330	83005	13100	6005
-330	83005	13100	6005
-133.33	85001	13100	6005
-330	83005	13100	6005
-2000	83005	13100	6005
-296.7	83003	13100	6005
-25915	75030	13100	6005
-53985	75020	13100	6005
-800	75050	13100	6005
-6600	75050	13100	6005
-4600	75115	13100	6005
-10800	75095	13100	6005
-600	75070	13100	6005
-487.5	75115	13100	6005
-5100	75130	13100	6005
42435	77500	13100	6005
4000	75110	13100	6005
-7000	75100	13100	6005
-37826	77520	13100	6005
-4609	77500	13100	6005
-577.14	83020	13100	6005
-422.99	82012	13100	6005
-3428.57	83006	13100	6005
-2977.08	86001	13100	6005
-211.49	82012	13100	6005
-230.98	83005	13100	6005
-768.53	84002	13100	6005
-121.64	84002	13100	6005
-133.33	85001	13100	6005
-2300.46	82004	13100	6005
-2114.93	82012	13100	6005
-1972.02	82004	13100	6005
-1200	83020	13100	6005
-35	83020	13100	6005
-681.82	83020	13100	6005
-3800	83020	13100	6005
-935	83020	13100	6005
-71.12	83020	13100	6005
-535.88	82004	13100	6005
-18876.28	82012	13100	6005
-23437.49	86001	13100	6005
-1543.64	82004	13100	6005
-2300.46	82004	13100	6005
-2727.27	83010	13100	6005
-2272.73	83010	13100	6005
-189.75	83005	13100	6005
-712.5	85502	13100	6005
-2500	83010	13100	6005
-189.75	83005	13100	6005
-1833.7	82004	13100	6005
-624.17	83004	13100	6005
-1000	83006	13100	6005
-247.25	80001	13100	6005
-16762.67	81005	13100	6005
-540.16	82009	13100	6005
-457.28	83005	13100	6005
-2916.67	86001	13100	6005
-2916.67	86001	13100	6005
-577.32	83020	13100	6005
-979.3	83005	13100	6005
-805.97	82010	13100	6005
-577.32	83020	13100	6005
-227.15	82003	13100	6005
-673.47	83020	13100	6005
-955.89	83020	13100	6005
-227.15	82003	13100	6005
-469.21	85001	13100	6005
-1500.01	82017	13100	6005
-400	85001	13100	6005
-673.47	83020	13100	6005
-219.82	82003	13100	6005
-673.47	83020	13100	6005
-1000.2	83020	13100	6005
-1190	83009	13100	6005
-252.2	85502	13100	6005
-1714.63	81005	13100	6005
-1568.88	85001	13100	6005
-953.7	83020	13100	6005
-4913	83012	13100	6005
-328.41	83017	13100	6005
-7150	83017	13100	6005
-577.32	83020	13100	6005
-1073.34	83008	13100	6005
-371.43	83009	13100	6005
-296.7	83003	13100	6005
-1380	83008	13100	6005
-428.57	84002	13100	6005
-260.6	82003	13100	6005
-240.38	82003	13100	6005
-3043.77	82001	13100	6005
-3342.97	82001	13100	6005
-5124.15	83012	13100	6005
-480.37	85502	13100	6005
-2250	82012	13100	6005
-1123.19	83010	13100	6005
-200	83012	13100	6005
-1500	83020	13100	6005
-71.43	83019	13100	6005
-11412.14	82012	13100	6005
-36968.66	81002	13100	6005
-25900	82002	13100	6005
-4041.24	83020	13100	6005
-6855.1	83005	13100	6005
-4041.24	83020	13100	6005
-13804.14	82004	13100	6005
-3751.16	82004	13100	6005
-20416.69	86001	13100	6005
-20416.69	86001	13100	6005
-3200.96	83005	13100	6005
-20839.56	86001	13100	6005
-4044.88	83020	13100	6005
-1616.86	83005	13100	6005
-3781.12	82009	13100	6005
-4041.24	83020	13100	6005
-7513.38	83008	13100	6005
-2600.01	83009	13100	6005
-14000	83005	13100	6005
-2999.99	84002	13100	6005
-9660	83008	13100	6005
-500.01	83019	13100	6005
-1400	83012	13100	6005
-2750	85006	13100	6005
-577.32	83020	13100	6005
-999.59	83005	13100	6005
-577.32	83020	13100	6005
-1972.02	82004	13100	6005
-535.88	82004	13100	6005
-2977.08	86001	13100	6005
-2977.08	86001	13100	6005
-457.28	83005	13100	6005
-2977.08	86001	13100	6005
-577.84	83020	13100	6005
-230.98	83005	13100	6005
-540.16	82009	13100	6005
-400	85001	13100	6005
-577.32	83020	13100	6005
-2126.12	83002	13100	6005
-1073.34	83008	13100	6005
-371.42	83009	13100	6005
-2000	83005	13100	6005
-428.58	84002	13100	6005
-1380	83008	13100	6005
-71.42	83019	13100	6005
-200	83012	13100	6005
-1500	83020	13100	6005
-2181.81	82015	13100	6005
-83716.03	75020	13100	6005
-112	75035	13100	6005
-3500	75055	13100	6005
-100713.89	75065	13100	6005
-154385.5	75070	13100	6005
-9050.5	75105	13100	6005
1682.5	75115	13100	6005
-13003	77500	13100	6005
-3950	82002	13100	6005
66362.41	WIPCR	13100	6005
-83.75	75115	13100	6005
-502.5	75115	13100	6005
-670	75115	13100	6005
-1256.25	75115	13100	6005
-2401.25	75115	13100	6005
-2012.5	75115	13100	6005
-1256.25	75115	13100	6005
0	75110	13100	6005
-4000	75110	13100	6005
-15647.13	75030	13100	6005
-4000	75110	13100	6005
25900	82002	13100	6005
4041.24	83020	13100	6005
6855.1	83005	13100	6005
4041.24	83020	13100	6005
13804.14	82004	13100	6005
3751.16	82004	13100	6005
20416.69	86001	13100	6005
20416.69	86001	13100	6005
3200.96	83005	13100	6005
20839.56	86001	13100	6005
4044.88	83020	13100	6005
1616.86	83005	13100	6005
3781.12	82009	13100	6005
4041.24	83020	13100	6005
7513.38	83008	13100	6005
2600.01	83009	13100	6005
14000	83005	13100	6005
2999.99	84002	13100	6005
9660	83008	13100	6005
500.01	83019	13100	6005
1400	83012	13100	6005
-3700	82002	13100	6005
-577.32	83020	13100	6005
-979.3	83005	13100	6005
-577.32	83020	13100	6005
-1972.02	82004	13100	6005
-535.88	82004	13100	6005
-2916.67	86001	13100	6005
-2916.67	86001	13100	6005
-457.28	83005	13100	6005
-2977.08	86001	13100	6005
-577.84	83020	13100	6005
-230.98	83005	13100	6005
-540.16	82009	13100	6005
-577.32	83020	13100	6005
-1073.34	83008	13100	6005
-371.43	83009	13100	6005
-2000	83005	13100	6005
-428.57	84002	13100	6005
-1380	83008	13100	6005
-71.43	83019	13100	6005
-200	83012	13100	6005
-1568.9	85001	13100	6005
-1660	88002	13100	6005
-3269.09	85001	13100	6005
60	75125	13100	6005
23.18	54005	13100	6005
64.95	54005	13100	6005
300	85014	13100	6005
2250	83001	13100	6005
1690	83001	13100	6005
200	83012	13100	6005
200	83012	13100	6005
200	83012	13100	6005
200	83012	13100	6005
200	83012	13100	6005
200	83012	13100	6005
200	83012	13100	6005
200	83012	13100	6005
1600	83012	13100	6005
1600	83012	13100	6005
1600	83012	13100	6005
1600	83012	13100	6005
1600	83012	13100	6005
1600	83012	13100	6005
1600	83012	13100	6005
15647.13	75030	13100	6005
-1488.18	85001	13100	6005
-508.18	85001	13100	6005
-3269.09	85001	13100	6005
3269.09	85001	13100	6005
-808.18	85001	13100	6005
808.18	85001	13100	6005
-808.18	85001	13100	6005
-500	85001	13100	6005
-1696.09	85001	13100	6005
-2400	85003	13100	6005
-660	83005	13100	6005
-108.18	83001	13100	6005
-400	85001	13100	6005
-1568.88	85001	13100	6005
-3043.77	82001	13100	6005
-3342.97	82001	13100	6005
-1072.5	83001	13100	6005
-1072.5	83001	13100	6005
-1072.5	83001	13100	6005
-1072.5	83001	13100	6005
-1072.5	83001	13100	6005
-133.33	85001	13100	6005
-0.02	85001	13100	6005
-1568.88	85001	13100	6005
-3750	83005	13100	6005
-211.49	82012	13100	6005
-0.02	80001	13100	6005
15.98	81002	13100	6005
0.01	82001	13100	6005
-198	82004	13100	6005
-108.01	82009	13100	6005
70.4	82011	13100	6005
-38.2	82012	13100	6005
-172.52	82014	13100	6005
185	83001	13100	6005
0.02	83004	13100	6005
-533.09	83005	13100	6005
-176	83008	13100	6005
0.03	83012	13100	6005
-445.08	83015	13100	6005
-1644.01	83017	13100	6005
0.01	83020	13100	6005
-2272	85501	13100	6005
-0.05	86001	13100	6005
-759	87001	13100	6005
-2419.01	88002	13100	6005
0.01	85011	13100	6005
-38.5	85014	13100	6005
-300	85001	13100	6005
-108.18	85001	13100	6005
-1.79	83001	13100	6005
-300	85001	13100	6005
-272.73	82014	13100	6005
-7.73	83020	13100	6005
-60	75125	13100	6005
-4913	83012	13100	6005
-1833.7	82004	13100	6005
-879.64	83020	13100	6005
-1568.88	85001	13100	6005
-1714.63	81005	13100	6005
-252.2	85502	13100	6005
-1190	83009	13100	6005
-300	85001	13100	6005
-673.47	83020	13100	6005
-1000.2	83020	13100	6005
-219.82	82003	13100	6005
-55	82012	13100	6005
-250	82012	13100	6005
-140.63	82012	13100	6005
-70.13	82012	13100	6005
-561	82012	13100	6005
-374	82012	13100	6005
-70.13	82012	13100	6005
-46.75	82012	13100	6005
-8.66	82012	13100	6005
-23.38	82012	13100	6005
-29.63	82012	13100	6005
504.29	82012	13100	6005
-673.47	83020	13100	6005
-3900.78	82001	13100	6005
-3043.77	82001	13100	6005
3900.78	82001	13100	6005
-3342.97	82001	13100	6005
-1500.01	82017	13100	6005
-508.73	85001	13100	6005
-227.15	82003	13100	6005
-260.6	82003	13100	6005
-1543.64	82004	13100	6005
-2300.46	82004	13100	6005
-673.47	83020	13100	6005
-955.89	83020	13100	6005
-227.15	82003	13100	6005
-260.6	82003	13100	6005
-2727.27	83010	13100	6005
-319	83005	13100	6005
-2272.73	83010	13100	6005
-189.75	83005	13100	6005
-712.5	85502	13100	6005
-2500	83010	13100	6005
-189.75	83005	13100	6005
-219.58	83005	13100	6005
-577.32	83020	13100	6005
-805.97	82010	13100	6005
-2300.46	82004	13100	6005
-979.3	83005	13100	6005
-577.32	83020	13100	6005
-1125	82012	13100	6005
-1972.02	82004	13100	6005
-535.88	82004	13100	6005
-2916.67	86001	13100	6005
-2916.67	86001	13100	6005
-673.47	83020	13100	6005
-3750	83005	13100	6005
-420.94	82012	13100	6005
-3428.57	83006	13100	6005
-2977.08	86001	13100	6005
-457.28	83005	13100	6005
-211.49	82012	13100	6005
-230.98	83005	13100	6005
-768.53	84002	13100	6005
-121.67	84002	13100	6005
-540.16	82009	13100	6005
-0.01	85001	13100	6005
-133.32	85001	13100	6005
-577.32	83020	13100	6005
-1073.33	83008	13100	6005
-2000	83005	13100	6005
-296.7	83003	13100	6005
-371.43	83009	13100	6005
-1380	83008	13100	6005
-428.57	84002	13100	6005
-200	83012	13100	6005
-1500	83020	13100	6005
-71.43	83019	13100	6005
-4913	83012	13100	6005
-105.84	81005	13100	6005
-1833.7	82004	13100	6005
-168.1	85012	13100	6005
-934.07	83020	13100	6005
-260	81005	13100	6005
-260	81005	13100	6005
-715	81005	13100	6005
-1714.63	81005	13100	6005
-131.86	82003	13100	6005
-252.2	85502	13100	6005
-1190	83009	13100	6005
-1716	83001	13100	6005
-415	81004	13100	6005
-220	81004	13100	6005
-6112	82008	13100	6005
-2982	82008	13100	6005
-673.47	83020	13100	6005
-1000.2	83020	13100	6005
-219.82	82003	13100	6005
-108.18	85001	13100	6005
-55	82012	13100	6005
-250	82012	13100	6005
-140.63	82012	13100	6005
-70.13	82012	13100	6005
-561	82012	13100	6005
-374	82012	13100	6005
-70.13	82012	13100	6005
-46.75	82012	13100	6005
-8.66	82012	13100	6005
-23.38	82012	13100	6005
-29.63	82012	13100	6005
504.29	82012	13100	6005
-673.47	83020	13100	6005
-3900.78	82001	13100	6005
-3037.38	82001	13100	6005
3900.78	82001	13100	6005
-3342.97	82001	13100	6005
-1500.01	82017	13100	6005
-508.73	85001	13100	6005
-227.15	82003	13100	6005
-260.6	82003	13100	6005
-420	84003	13100	6005
-1543.64	82004	13100	6005
-2300.46	82004	13100	6005
-673.47	83020	13100	6005
-955.89	83020	13100	6005
-227.15	82003	13100	6005
-260.6	82003	13100	6005
-4950	82007	13100	6005
-2370.5	82010	13100	6005
-150	82010	13100	6005
-1075	82007	13100	6005
-4950	82007	13100	6005
-1000	82007	13100	6005
-2374.5	82010	13100	6005
-519.62	81005	13100	6005
-712.02	82019	13100	6005
-3798.09	83005	13100	6005
-2272.73	83010	13100	6005
-189.75	83005	13100	6005
-712.5	85502	13100	6005
-726.36	81005	13100	6005
-862.35	83005	13100	6005
-317.24	84003	13100	6005
-3705.45	83005	13100	6005
-2500	83010	13100	6005
-189.75	83005	13100	6005
-219.58	83005	13100	6005
-319	83005	13100	6005
-400	84003	13100	6005
-577.32	83020	13100	6005
-805.97	82010	13100	6005
-2300.46	82004	13100	6005
-979.3	83005	13100	6005
-9450	82009	13100	6005
-4450	82009	13100	6005
9450	82009	13100	6005
-577.32	83020	13100	6005
-2114.92	82012	13100	6005
-1125	82012	13100	6005
-1972.02	82004	13100	6005
-2370.5	82010	13100	6005
-535.88	82004	13100	6005
-2916.67	86001	13100	6005
-3428.57	83006	13100	6005
-747.25	80001	13100	6005
1494.5	80001	13100	6005
571.43	80001	13100	6005
0	80001	13100	6005
0	80001	13100	6005
0	80001	13100	6005
0	80001	13100	6005
2370.5	83002	13100	6005
2370.5	83002	13100	6005
483.52	80001	13100	6005
747.25	80001	13100	6005
175.82	80001	13100	6005
747.25	80001	13100	6005
175.83	80001	13100	6005
263.73	80001	13100	6005
142.86	83019	13100	6005
71.42	83019	13100	6005
71.43	83019	13100	6005
71.43	83019	13100	6005
1714.28	83019	13100	6005
857.14	83019	13100	6005
857.14	83019	13100	6005
857.14	83019	13100	6005
857.14	83019	13100	6005
857.14	83019	13100	6005
914.28	83018	13100	6005
457.14	83018	13100	6005
457.14	83018	13100	6005
457.14	83018	13100	6005
457.14	83018	13100	6005
11277.14	83018	13100	6005
-2916.67	86001	13100	6005
-673.46	83020	13100	6005
-2520.5	82010	13100	6005
-846.98	82012	13100	6005
-3428.58	83006	13100	6005
-2977.08	86001	13100	6005
-1000	84002	13100	6005
-457.28	83005	13100	6005
-422.98	82012	13100	6005
-230.98	83005	13100	6005
-1537.06	84002	13100	6005
-243.34	84002	13100	6005
-540.16	82009	13100	6005
-600	82007	13100	6005
-125	82007	13100	6005
-600	82007	13100	6005
-577.32	83020	13100	6005
-2146.66	83008	13100	6005
-2000	83005	13100	6005
-296.7	83003	13100	6005
-371.43	83009	13100	6005
-1380	83008	13100	6005
-428.57	84002	13100	6005
-200	83012	13100	6005
-1500	83020	13100	6005
-71.43	83019	13100	6005
562.71	82012	13100	6005
-808.18	85001	13100	6005
-400	88002	13100	6005
-4531.52	83012	13100	6005
-1833.7	82004	13100	6005
-953.7	83020	13100	6005
-1714.62	81005	13100	6005
-232.61	85502	13100	6005
-1097.6	83009	13100	6005
-673.46	83020	13100	6005
-1000.2	83020	13100	6005
-219.84	82003	13100	6005
-673.46	83020	13100	6005
-3896.1	82001	13100	6005
-3043.77	82001	13100	6005
3896.1	82001	13100	6005
-3338.96	82001	13100	6005
-1383.53	82017	13100	6005
-498.25	85001	13100	6005
-227.15	82003	13100	6005
-255.24	82003	13100	6005
-1543.65	82004	13100	6005
-2300.46	82004	13100	6005
-673.46	83020	13100	6005
-955.89	83020	13100	6005
-227.15	82003	13100	6005
-240.38	82003	13100	6005
-2114.93	82012	13100	6005
-2114.93	82012	13100	6005
-577.3	83020	13100	6005
-743.39	82010	13100	6005
-2300.46	82004	13100	6005
-1080.72	83005	13100	6005
-577.3	83020	13100	6005
-1972.02	82004	13100	6005
-535.85	82004	13100	6005
-3218.74	86001	13100	6005
-3218.74	86001	13100	6005
-673.47	83020	13100	6005
-846.98	82012	13100	6005
-2977.1	86001	13100	6005
-457.28	83005	13100	6005
-211.49	82012	13100	6005
-230.97	83005	13100	6005
-1537.06	84002	13100	6005
-243.34	84002	13100	6005
-540.17	82009	13100	6005
-133.33	85001	13100	6005
-577.3	83020	13100	6005
-2146.66	83008	13100	6005
-1380	83008	13100	6005
-428.57	84002	13100	6005
-4811.85	83012	13100	6005
-1831.5	82004	13100	6005
-953.7	83020	13100	6005
-1712.57	81005	13100	6005
-247.01	85502	13100	6005
-1165.5	83009	13100	6005
-3549	81005	13100	6005
-3549	81005	13100	6005
-3549	81005	13100	6005
-2535	81005	13100	6005
-672.66	83020	13100	6005
-999	83020	13100	6005
-219.56	82003	13100	6005
-55	82012	13100	6005
-240	82012	13100	6005
-134.99	82012	13100	6005
-69.18	82012	13100	6005
-561	82012	13100	6005
-374	82012	13100	6005
-69.18	82012	13100	6005
-46.75	82012	13100	6005
-8.32	82012	13100	6005
-22.43	82012	13100	6005
-28.43	82012	13100	6005
484.11	82012	13100	6005
-672.66	83020	13100	6005
-3043.77	82001	13100	6005
-557.81	82001	13100	6005
-557.14	82001	13100	6005
-557.81	82001	13100	6005
-557.81	82001	13100	6005
-557.81	82001	13100	6005
-557.81	82001	13100	6005
-1469.12	82017	13100	6005
-508.73	85001	13100	6005
-300	85001	13100	6005
-226.88	82003	13100	6005
-260.6	82003	13100	6005
-1541.79	82004	13100	6005
-2297.7	82004	13100	6005
-672.66	83020	13100	6005
-954.74	83020	13100	6005
-226.88	82003	13100	6005
-255.24	82003	13100	6005
-2370.5	82010	13100	6005
-150	82010	13100	6005
-2374.5	82010	13100	6005
-108.18	83001	13100	6005
-2727.27	83010	13100	6005
-319	83005	13100	6005
-2272.73	83010	13100	6005
-189.75	83005	13100	6005
-712.5	85502	13100	6005
-2500	83010	13100	6005
-189.75	83005	13100	6005
-219.58	83005	13100	6005
-2114.91	82012	13100	6005
-576.1	83020	13100	6005
-789.38	82010	13100	6005
-2297.7	82004	13100	6005
-997.49	83005	13100	6005
-576.1	83020	13100	6005
-1125	82012	13100	6005
-1967.88	82004	13100	6005
-534.75	82004	13100	6005
-2970.83	86001	13100	6005
-2970.83	86001	13100	6005
-95.52	83020	13100	6005
-95.63	83020	13100	6005
-95.63	83020	13100	6005
-422.99	82012	13100	6005
-3428.57	83006	13100	6005
-2970.83	86001	13100	6005
-1000	84002	13100	6005
-456.32	83005	13100	6005
-211.49	82012	13100	6005
-230.49	83005	13100	6005
-768.53	84002	13100	6005
-121.67	84002	13100	6005
-539.03	82009	13100	6005
-133.33	85001	13100	6005
-576.1	83020	13100	6005
-1073.34	83008	13100	6005
-2000	83005	13100	6005
-296.71	83003	13100	6005
-742.86	83009	13100	6005
-1380	83008	13100	6005
-428.57	84002	13100	6005
-400	83012	13100	6005
-3000	83020	13100	6005
-142.86	83019	13100	6005
-747.26	80001	13100	6005
-571.42	80001	13100	6005
-23.18	54005	13100	6005
-64.95	54005	13100	6005
571.42	80001	13100	6005
747.26	80001	13100	6005
1990	83001	13100	6005
2250	83001	13100	6005
4500	83012	13100	6005
4500	83012	13100	6005
9000	83012	13100	6005
0.12	83003	13100	6005
0.12	83003	13100	6005
0.25	83003	13100	6005
4718.38	83003	13100	6005
4718.38	83003	13100	6005
9437.25	83003	13100	6005
0.25	83003	13100	6005
0.12	83003	13100	6005
0.13	83003	13100	6005
-2432	75105	13100	6005
-5000	80004	13100	6005
-53000	80005	13100	6005
-9152	81002	13100	6005
-2450	81003	13100	6005
-259	81005	13100	6005
-8000	82004	13100	6005
-27500	82006	13100	6005
-5000	82009	13100	6005
-7114.93	82012	13100	6005
-12600	82016	13100	6005
-3750	83005	13100	6005
-800	85015	13100	6005
137057.93	WIPCR	13100	6005
-2455	75105	13100	6005
-294.55	81003	13100	6005
-4000	82002	13100	6005
-2114.93	82012	13100	6005
-10000	82015	13100	6005
-3090	83005	13100	6005
21954.48	WIPCR	13100	6005
-300	85014	13100	6005
-2250	83001	13100	6005
-1690	83001	13100	6005
-200	83012	13100	6005
-200	83012	13100	6005
-200	83012	13100	6005
-200	83012	13100	6005
-200	83012	13100	6005
-200	83012	13100	6005
-200	83012	13100	6005
-200	83012	13100	6005
-1600	83012	13100	6005
-1600	83012	13100	6005
-1600	83012	13100	6005
-1600	83012	13100	6005
-1600	83012	13100	6005
-1600	83012	13100	6005
-1600	83012	13100	6005
1240	81003	13100	6005
1754.45	88002	13100	6005
4000	COSTTRF	13100	6005
-15037.16	COSTTRF	13100	6005
-17147.64	COSTTRF	13100	6005
-24827.56	COSTTRF	13100	6005
